function [vv,ff]=cube()
vv=[
    -1    -1    -1
    -1    -1     1
    -1     1    -1
    -1     1     1
     1    -1    -1
     1    -1     1
     1     1    -1
     1     1     1
     ];
ff= [2 3 1
     2 4 3
     2 1 5
     6 2 5

     4 8 3
     8 7 3
     6 5 7
     6 7 8
     8 4 2
     2 6 8
     5 1 3
     5 3 7
];

end